Opponent 0 Scores:
596.3000000000001
595.0000000000001
595.4000000000001
595.9000000000001
595.7
595.8000000000001
595.0000000000001
596.3000000000001
595.0000000000001
595.5000000000001
595.2
596.3000000000001
594.9000000000001
595.9000000000001
596.1000000000001
595.0000000000001
594.7
595.9000000000001
595.0000000000001
596.1000000000001
594.8000000000002
596.0000000000001
594.9000000000001
595.1000000000001
596.3000000000001
596.0000000000001
596.2
596.0000000000001
596.2
596.3000000000001
595.6000000000001
595.7000000000002
596.4000000000001
596.4000000000001
595.1000000000001
596.2
596.1000000000001
595.2
596.1000000000001
596.2
596.4000000000001
596.2
594.9000000000001
596.3000000000001
596.3000000000001
595.1000000000001
595.6000000000001
596.2
595.9000000000001
596.0000000000001
595.9000000000001
595.5000000000001
596.1000000000001
596.3000000000001
595.6000000000001
596.2
595.2
595.9000000000001
596.0000000000001
595.6000000000001
595.5000000000001
594.9000000000001
596.4000000000001
595.9000000000001
596.3000000000001
595.4000000000001
595.9000000000001
595.6000000000001
595.7
596.2000000000002
595.2000000000002
596.0000000000001
595.0000000000001
595.3000000000001
595.8000000000002
596.2
596.2000000000002
596.4000000000001
596.2000000000002
596.3000000000001
596.0000000000001
595.4000000000001
596.2000000000002
595.9000000000001
595.9000000000001
595.3000000000002
595.2
596.2
595.1000000000001
596.2000000000002
595.9000000000001
594.9000000000001
596.0000000000001
595.0000000000001
595.0000000000001
595.6000000000001
596.0000000000001
595.9000000000001
596.1000000000001
596.4000000000001
595.4000000000001
595.9000000000001
596.0000000000001
596.1000000000001
596.0000000000001
596.4000000000001
596.0000000000001
595.8000000000001
596.4000000000001
596.0000000000001
595.8000000000001
595.5000000000001
596.1000000000001
596.3000000000001
596.1000000000001
596.1000000000001
596.4000000000001
596.0000000000001
596.1000000000001
596.1000000000001
595.3000000000001
595.0000000000001
596.2
596.3000000000001
595.9000000000001
595.7
596.3000000000001
595.2
595.1000000000001
595.7000000000002
595.8000000000001
595.0000000000001
596.2
595.8000000000001
596.3000000000001
596.3000000000001
595.8000000000001
595.9000000000001
596.3000000000001
594.7
595.3000000000001
595.9000000000001
596.0000000000001
596.3000000000001
595.6000000000001
596.1000000000001
596.1000000000001
596.3000000000001
596.1000000000001
596.3000000000001
595.7000000000002
595.6000000000001
595.5000000000001
596.4000000000001
596.3000000000001
596.0000000000001
595.8000000000001
596.3000000000001
596.3000000000001
596.1000000000001
596.2
594.8000000000001
596.1000000000001
595.6000000000001
596.2
595.0000000000001
595.3000000000002
595.3000000000001
595.8000000000001
595.6000000000001
596.2
595.1000000000001
595.3000000000002
596.3000000000001
596.2000000000002
596.4000000000001
595.6000000000001
595.9000000000001
595.6000000000001
595.4000000000001
595.6000000000001
596.0000000000001
595.0000000000001
596.3000000000001
595.4000000000001
595.2
596.0000000000001
594.9000000000001
595.2000000000002
596.3000000000001
594.9000000000001
595.2
595.8000000000001
595.6000000000001
595.4000000000001
596.4000000000001
594.8000000000002
596.0000000000001
595.3000000000001
595.0000000000001
596.0000000000001
595.7
596.2
595.6000000000001
595.2
596.4000000000001
595.2
596.3000000000001
595.6000000000001
595.5000000000001
596.2
595.7000000000002
596.0000000000001
595.6000000000001
595.9000000000001
594.8000000000001
595.8000000000001
596.3000000000001
596.2
596.4000000000001
595.1000000000001
596.2
596.1000000000001
595.6000000000001
596.2
596.4000000000001
596.1000000000001
595.5000000000001
595.9000000000001
595.9000000000001
595.6000000000001
595.4000000000001
596.2000000000002
595.3000000000002
595.8000000000001
595.3000000000001
596.1000000000001
596.2
596.0000000000001
595.2
595.7
595.7
594.8000000000002
596.3000000000001
595.1000000000001
595.0000000000001
595.4000000000001
595.9000000000001
595.5000000000001
596.2000000000002
594.6000000000001
595.0000000000001
596.0000000000001
596.0000000000001
595.4000000000001
596.0000000000001
596.2
594.9000000000001
594.9000000000001
596.2
595.5000000000001
596.2
595.1000000000001
595.5000000000001
596.0000000000001
595.8000000000001
595.1000000000001
595.0000000000001
595.9000000000001
595.0000000000001
595.8000000000001
596.2
595.9000000000001
596.2
595.9000000000001
596.0000000000001
595.9000000000001
596.4000000000001
595.3000000000001
595.6000000000001
596.4000000000001
595.6000000000001
596.3000000000001
595.9000000000001
595.4000000000001
595.0000000000001
596.0000000000001
595.5000000000001
594.9000000000001
596.4000000000001
595.5000000000001
596.2
596.1000000000001
595.6000000000001
595.4000000000001
594.8000000000001
595.2
596.4000000000001
595.8000000000001
595.3000000000001
595.7
595.4000000000001
596.3000000000001
595.9000000000001
596.0000000000001
595.4000000000001
596.2
595.3000000000001
595.8000000000001
596.2
595.9000000000001
596.1000000000001
596.4000000000001
596.4000000000001
595.4000000000001
596.2
595.3000000000001
595.1000000000001
595.2
596.3000000000001
596.3000000000001
596.3000000000001
595.9000000000001
595.0000000000001
595.1000000000001
595.9000000000001
595.0000000000001
595.9000000000001
596.4000000000001
595.7
595.4000000000001
596.1000000000001
595.2
595.0000000000001
595.9000000000001
596.1000000000001

Opponent 1 Scores:
584.0999999999999
584.4
583.7999999999997
584.6
588.3000000000001
583.4999999999998
579.7999999999997
583.7999999999997
583.9999999999999
579.2999999999997
588.3
592.1000000000004
584.0999999999999
588.2000000000003
584.0999999999999
586.9999999999999
584.6
584.1999999999999
587.8
584.2999999999997
588.0000000000002
584.3
584.3
-137.0999999999999
587.3999999999999
584.6
584.0999999999997
584.4
592.3000000000001
-65.20000000000005
584.0
583.0999999999999
584.1999999999997
583.4999999999998
588.4
-88.80000000000011
583.9999999999998
584.1999999999997
584.1999999999997
586.8999999999999
587.4
587.0999999999999
584.0999999999997
588.4
584.4999999999998
584.6999999999997
-111.40000000000006
588.3000000000003
583.0999999999997
584.3
583.6999999999999
-63.800000000000075
583.1999999999997
583.4999999999999
587.6999999999999
586.9000000000001
584.1999999999999
583.9999999999998
586.8999999999999
583.7999999999997
588.4000000000002
588.2
583.4999999999999
-64.50000000000007
588.5
592.4000000000001
584.3999999999997
584.5
587.3000000000002
583.5999999999999
584.0999999999997
587.9000000000003
584.1999999999999
584.7
584.4
587.9
583.6999999999999
582.7999999999997
583.5999999999997
583.3999999999999
583.4999999999999
580.0999999999997
587.3
584.3
584.3
584.7
586.9000000000001
-109.80000000000007
580.4999999999997
579.7999999999997
584.5
583.6999999999997
583.5999999999997
583.2999999999998
588.5
583.5999999999999
583.8999999999997
588.5999999999999
583.6999999999999
583.9999999999998
584.3999999999997
587.3
583.6999999999998
588.1
584.4
584.0999999999999
587.5000000000002
579.1999999999997
-65.20000000000006
582.9999999999999
-64.20000000000006
584.2999999999997
584.6
588.5000000000002
583.6999999999999
588.1
587.6999999999999
588.0
583.6999999999997
588.4
-113.90000000000026
587.9000000000002
583.5999999999997
583.2999999999998
583.8
588.4000000000003
588.4
584.0999999999999
588.2
584.5999999999997
580.6999999999997
588.1
584.3
582.6999999999998
584.3
584.4999999999998
583.9999999999999
587.8000000000003
583.3999999999999
588.2
584.4
588.2000000000003
588.3
582.9999999999998
587.9000000000002
592.4000000000001
583.0999999999997
584.4999999999998
584.6
584.4
591.3000000000004
584.7
583.4999999999999
583.9999999999999
587.3
583.5999999999997
583.6999999999997
-64.50000000000009
584.0999999999999
588.3000000000002
582.9999999999999
583.8
587.2000000000003
582.8999999999997
587.5000000000002
587.6
584.3999999999997
584.3999999999997
588.2
591.7
583.1999999999997
580.5999999999997
584.7
591.9000000000001
583.9999999999999
584.6
586.9000000000002
584.4999999999998
583.5999999999997
586.9999999999999
579.4999999999997
584.3
584.0999999999999
-111.70000000000006
583.2999999999998
588.0
583.9
582.9999999999999
-64.40000000000006
580.2999999999997
583.8999999999997
583.3999999999999
588.2000000000003
583.6999999999997
584.6
591.2000000000002
588.3
584.1999999999999
583.2999999999998
584.0999999999999
583.3999999999999
-112.69999999999997
586.7000000000002
592.4000000000001
-89.9000000000001
588.0000000000002
583.6999999999999
583.6999999999999
584.6
583.3999999999999
588.1000000000003
592.4000000000001
-64.30000000000007
584.6
583.5999999999997
588.4
583.5999999999997
588.2
584.4
580.2999999999997
579.5999999999997
587.1999999999999
584.5999999999997
583.1999999999998
584.4
583.1999999999998
591.3000000000001
588.1000000000003
582.9999999999999
584.4
584.4999999999998
583.6999999999999
584.1999999999999
584.6999999999997
591.3000000000002
583.1999999999999
584.6999999999997
587.8
583.6999999999997
583.2999999999997
-65.30000000000007
588.2000000000003
583.0999999999999
588.4000000000002
584.5
584.0999999999997
583.8
583.9999999999999
-89.60000000000005
584.7
587.1000000000001
588.6
587.8000000000002
583.1999999999998
584.4999999999999
584.4999999999998
592.1
584.4
583.8
587.3
583.4999999999999
587.6
580.5999999999997
584.0999999999997
584.6
588.3
588.3000000000001
582.6999999999997
584.0999999999999
584.1999999999999
584.6
-86.40000000000006
583.1999999999997
584.6
583.3999999999999
584.4999999999998
583.2999999999998
-64.10000000000007
584.1999999999997
587.5
583.0999999999997
-111.00000000000006
584.1999999999997
584.5
583.5999999999999
584.5
587.8
588.3
584.4999999999998
583.8
592.2
587.3
584.5999999999997
584.3
583.8999999999997
584.6
583.1999999999999
588.4
583.9999999999999
587.0999999999999
591.7
588.4
579.9999999999997
583.9999999999998
583.9
-111.10000000000007
-89.2000000000001
584.4
588.2
588.1999999999999
583.8
591.5
583.4999999999998
583.6999999999997
583.9999999999999
580.4999999999997
583.1999999999998
588.0000000000002
583.8999999999999
582.8999999999999
583.2999999999998
588.4
-111.10000000000007
583.4999999999999
587.9999999999999
584.0999999999999
588.5000000000003
583.3999999999999
583.8
583.0999999999999
583.3999999999999
584.1999999999997
579.3999999999996
584.1999999999999
583.6999999999998
588.4
583.9999999999998
583.6999999999999
583.8
583.5999999999997
588.3000000000001
583.5999999999999
583.4999999999999
591.3000000000001
587.1999999999999

Opponent 2 Scores:
-85.20000000000013
-88.80000000000015
-113.3000000000001
-64.1000000000001
-109.30000000000013
-86.40000000000009
-85.90000000000018
-64.20000000000006
-73.19999999999999
506.5999999999999
524.3999999999999
517.0999999999999
-67.30000000000007
-85.10000000000014
-65.30000000000007
526.3
-115.69999999999987
-61.60000000000006
-136.6999999999999
514.9000000000001
-94.20000000000016
542.5999999999999
-98.50000000000023
-91.70000000000002
-94.30000000000018
-116.70000000000013
-90.70000000000007
-141.79999999999995
-89.69999999999999
-110.20000000000006
540.5999999999999
-76.20000000000003
-69.90000000000002
-60.900000000000084
-107.80000000000008
-63.90000000000004
-67.10000000000004
-64.50000000000007
-134.29999999999995
-96.70000000000016
-82.00000000000006
-62.400000000000134
-69.10000000000002
-96.10000000000025
-109.20000000000013
-70.00000000000003
-63.10000000000009
-96.10000000000028
531.7
-66.50000000000001
-67.90000000000005
516.1
-64.90000000000006
-85.00000000000009
-72.10000000000014
-74.70000000000012
-111.40000000000006
-84.70000000000006
-62.00000000000003
525.5999999999999
-74.0000000000001
539.5999999999999
518.4
530.1
-63.70000000000013
547.7999999999998
-72.00000000000014
-62.600000000000136
-87.60000000000007
-65.10000000000007
-76.30000000000018
-66.40000000000008
-93.0000000000002
-79.3999999999999
531.8000000000001
545.7999999999998
525.3
516.2
542.3
-84.4000000000001
-63.20000000000004
-101.69999999999999
-88.30000000000007
-90.10000000000011
-86.8000000000001
-67.00000000000007
-108.70000000000012
-62.00000000000009
-87.70000000000024
-62.600000000000136
-98.60000000000024
-74.4000000000002
542.9999999999999
-87.9000000000001
525.8
-62.70000000000008
541.0999999999998
506.59999999999997
-113.00000000000006
523.3
-87.90000000000003
-85.50000000000009
-109.30000000000008
-71.7999999999999
-112.80000000000005
-88.40000000000003
-91.60000000000002
-91.20000000000006
-70.90000000000015
-88.30000000000007
-111.90000000000003
-129.20000000000016
-68.90000000000018
542.5999999999999
-110.30000000000007
-81.89999999999996
-63.90000000000004
-62.600000000000136
-85.50000000000009
-110.10000000000005
-62.50000000000015
-97.50000000000023
539.9
547.5999999999999
-67.60000000000011
-109.30000000000008
-86.50000000000009
-92.90000000000015
-112.30000000000007
526.5
-119.30000000000018
-68.8
527.4
-65.80000000000007
-89.3000000000001
550.9999999999999
516.5
526.3999999999999
-92.20000000000013
-97.40000000000023
-72.9000000000003
-66.1000000000001
-113.0
-69.70000000000013
-73.80000000000013
-111.20000000000007
-61.79999999999998
-83.80000000000055
-91.10000000000012
-87.30000000000013
540.8
-92.00000000000009
-62.70000000000008
-71.70000000000014
-62.70000000000013
-69.79999999999995
-94.10000000000016
548.2999999999998
-78.50000000000006
-77.50000000000027
-110.90000000000006
526.2
536.0000000000001
529.7
-68.09999999999998
-66.10000000000015
-71.50000000000009
-93.4000000000002
-95.60000000000014
-73.00000000000014
-119.30000000000018
-138.2999999999999
-64.50000000000007
522.3
-92.60000000000011
-69.30000000000031
-117.80000000000005
-92.40000000000019
-86.90000000000023
-110.40000000000006
512.1
-124.70000000000027
-93.50000000000014
-65.90000000000009
526.6999999999998
-88.30000000000011
551.0999999999997
517.3
517.5999999999999
-65.70000000000006
-99.10000000000025
548.1999999999999
-110.80000000000007
-89.20000000000012
-98.80000000000024
526.0999999999999
-85.40000000000008
-89.60000000000015
-82.70000000000012
-94.50000000000007
513.0999999999998
520.1999999999999
-64.70000000000006
-72.69999999999996
-109.7000000000001
-113.40000000000008
-109.20000000000013
-118.60000000000002
514.9
-120.70000000000019
-86.50000000000009
-94.7000000000001
-78.49999999999984
542.6999999999999
-63.500000000000085
-95.50000000000017
531.0
-95.80000000000005
514.7
544.9999999999999
541.5999999999999
541.5999999999998
541.4999999999998
541.0999999999999
-133.8999999999999
-87.70000000000013
514.7
-63.90000000000007
-84.00000000000028
-96.40000000000006
525.5999999999999
-97.90000000000022
-137.69999999999987
516.0
-135.19999999999982
-109.70000000000007
-109.90000000000012
-146.09999999999997
-62.900000000000134
-70.90000000000008
-64.20000000000014
523.1999999999999
-85.60000000000008
-61.90000000000002
512.9999999999998
-119.80000000000004
-73.40000000000022
-63.90000000000007
508.29999999999995
-115.30000000000013
-71.70000000000013
561.8999999999999
-72.80000000000008
-62.20000000000007
-68.0000000000002
-117.90000000000023
-86.90000000000008
544.5999999999999
558.8999999999999
504.0999999999997
-89.10000000000012
-70.80000000000018
-154.59999999999948
538.1
542.1999999999999
-70.10000000000002
531.9000000000001
-109.60000000000008
519.8
-91.90000000000002
-65.60000000000007
-64.10000000000015
-68.60000000000004
-88.90000000000026
-90.00000000000011
-110.40000000000006
-79.20000000000022
-87.9000000000001
541.0999999999999
-88.40000000000002
-101.60000000000042
545.3999999999999
-109.20000000000009
-95.90000000000023
-133.6999999999999
541.8999999999999
520.3999999999999
517.0
524.5999999999998
-61.9000000000001
554.6999999999997
557.6
511.9
534.0
-68.19999999999997
-63.40000000000004
-96.5000000000002
-85.30000000000008
526.0
-69.90000000000005
518.6999999999999
-86.30000000000008
-81.4000000000001
-89.60000000000002
-110.29999999999986
-89.50000000000006
-65.70000000000006
532.1
-70.60000000000002
-66.40000000000006
524.0999999999998
-108.70000000000013
-96.10000000000029
515.6999999999998
-63.000000000000085
-65.60000000000007
-117.8000000000002
526.1999999999999
-68.6000000000001
525.6999999999999
540.2999999999998
-92.59999999999997
-63.6
528.1999999999999
-87.20000000000013
517.8
-88.50000000000026
516.0
543.6999999999998
-85.8000000000001
514.9
-67.70000000000016
522.6999999999998
-98.00000000000023
-87.8000000000001
-137.39999999999992
562.7999999999998
-117.1999999999999
-69.8
543.5999999999999
-87.1000000000001
-67.50000000000006
-133.9999999999999
524.5
518.4
-72.3000000000001
-89.30000000000008
557.5999999999998
-117.80000000000021
-73.10000000000026
-73.6

Opponent GHOST Scores:
-115.00000000000013
-114.1000000000002
571.4
541.1999999999996
-102.40000000000019
-137.79999999999984
-137.6999999999999
-145.0999999999986
576.3999999999999
569.0999999999999
-85.10000000000039
-130.5000000000004
-136.50000000000009
-69.00000000000021
576.5999999999999
-95.90000000000036
-167.2999999999994
524.9999999999994
527.3999999999997
-77.70000000000002
524.7999999999996
576.5999999999999
571.6999999999998
-166.29999999999987
495.1000000000001
-79.40000000000019
-144.0999999999997
-81.20000000000019
576.4999999999999
-123.20000000000022
571.8999999999999
508.6999999999998
502.79999999999984
532.3
488.09999999999934
-149.39999999999995
592.0000000000001
551.5999999999999
433.1000000000048
550.6999999999999
553.7999999999996
-234.69999999999558
-114.20000000000039
-99.50000000000037
474.5999999999991
539.0999999999997
-121.19999999999877
-145.49999999999957
548.1999999999999
583.2999999999997
571.7999999999998
517.6999999999999
-114.8000000000003
-119.50000000000067
525.6999999999997
530.0999999999999
-164.89999999999736
489.59999999999945
-131.10000000000034
499.00000000000034
-145.79999999999959
-150.0999999999999
539.0999999999998
568.8999999999997
569.6999999999999
576.1999999999997
-137.39999999999984
-90.2000000000002
-137.69999999999985
568.8999999999999
465.69999999999925
-128.70000000000076
-82.10000000000012
-174.59999999999908
-91.10000000000011
568.3999999999997
576.0999999999999
-61.40000000000009
-143.79999999999967
582.5999999999997
-92.50000000000024
-178.99999999999852
565.8999999999999
-114.40000000000019
-85.80000000000014
549.9999999999999
541.6999999999996
529.4999999999998
479.59999999999934
-212.69999999999632
-116.49999999999997
-109.10000000000034
519.4999999999999
-100.2000000000005
556.0
583.9999999999997
516.8999999999999
-107.20000000000041
506.49999999999955
-125.00000000000034
-120.70000000000053
-108.20000000000036
-85.49999999999993
514.1999999999998
-94.80000000000067
-118.19999999999953
-185.39999999999873
513.7999999999997
-114.40000000000015
553.5999999999998
563.8999999999997
-131.20000000000007
534.9
-150.3999999999993
-81.40000000000023
559.9999999999998
-104.60000000000039
478.8999999999993
523.2999999999996
528.7999999999997
-122.90000000000026
524.1999999999998
562.6999999999999
-162.1999999999992
514.8
-134.59999999999988
-110.60000000000042
-166.19999999999794
-129.2999999999998
-108.7000000000002
-108.80000000000047
538.8999999999997
531.1999999999997
515.5
-72.50000000000014
535.5999999999999
-142.59999999999948
536.7999999999996
-101.00000000000045
494.49999999999966
-69.20000000000003
490.49999999999966
564.0999999999998
-237.0999999999915
-65.60000000000008
566.2999999999998
457.5000000000003
513.9999999999997
-91.30000000000008
504.0999999999996
-101.8000000000005
-152.0999999999998
-112.00000000000057
568.6999999999998
548.2999999999998
-119.30000000000035
-149.99999999999972
-119.70000000000043
-129.90000000000038
538.5999999999997
-90.6000000000005
576.6999999999998
566.1999999999998
514.5999999999999
-67.69999999999993
576.5999999999999
-161.9999999999986
-207.89999999999634
513.8000000000001
-91.70000000000024
-123.30000000000027
-121.4000000000002
510.2999999999996
571.3
562.6999999999998
-148.59999999999957
-128.50000000000017
497.6999999999994
-139.19999999999982
-117.70000000000043
519.5999999999998
515.5
-61.80000000000013
-120.40000000000097
-154.79999999999876
545.5999999999999
-102.90000000000043
591.8000000000001
-127.7000000000011
-191.7999999999973
575.8999999999999
-163.59999999999926
-158.1999999999985
506.4999999999997
501.0999999999996
-104.70000000000051
-161.49999999999787
-135.6999999999999
-133.70000000000033
488.00000000000034
561.9999999999995
523.3999999999997
-115.99999999999974
494.69999999999953
564.5999999999999
480.4999999999993
-160.99999999999923
-149.39999999999938
-76.89999999999988
-184.4999999999979
576.1999999999999
-126.59999999999994
-145.9000000000002
-125.30000000000035
-102.60000000000034
-89.50000000000045
-146.2999999999972
584.3999999999997
-151.29999999999984
-139.79999999999978
515.6999999999996
-120.90000000000049
521.4999999999995
504.49999999999955
-77.50000000000006
555.0999999999998
525.2999999999997
571.8
-97.1000000000004
-157.29999999999876
-84.60000000000045
-177.59999999999664
-110.5000000000002
-107.00000000000044
567.4999999999998
477.2999999999994
-104.00000000000017
-115.70000000000027
-171.59999999999945
552.7
-116.70000000000044
-87.70000000000043
536.6999999999999
489.99999999999926
-64.7
-144.2999999999996
-167.49999999999892
589.4000000000001
530.3000000000001
-117.7000000000007
537.9999999999997
539.0999999999996
526.9999999999999
-77.70000000000006
-79.20000000000023
-172.69999999999774
-130.99999999999983
535.3
528.4
-110.2000000000005
-119.00000000000045
539.5999999999998
514.3
477.79999999999916
513.5999999999998
-172.8999999999986
570.0999999999998
536.9999999999998
-158.69999999999933
540.3999999999997
568.1999999999997
-110.09999999999991
489.8
-112.00000000000017
-109.30000000000078
561.4999999999999
-129.5999999999999
501.89999999999964
548.1999999999997
-109.6000000000003
-144.30000000000018
-135.4999999999998
527.0
491.6999999999998
473.199999999999
542.2999999999996
-120.20000000000047
-117.9000000000004
-157.0999999999996
499.4999999999999
-104.60000000000011
-120.000000000001
516.0999999999996
-83.70000000000006
559.1999999999998
494.79999999999956
-147.79999999999876
-105.30000000000078
533.9
576.6999999999998
-119.99999999999991
-129.29999999999998
-154.9999999999996
535.3999999999996
525.8999999999996
539.9999999999998
-139.09999999999968
-76.6999999999999
520.8
-121.30000000000045
500.49999999999966
543.7999999999996
-158.39999999999978
576.1999999999999
-125.09999999999992
512.6999999999999
515.7999999999997
-149.89999999999827
546.8
497.1999999999997
-99.20000000000024
-69.3000000000001
567.1999999999998
-94.30000000000045
-83.2000000000003
497.79999999999995
-150.00000000000028
503.89999999999975
-106.30000000000078
525.4999999999997
557.8999999999997
-136.29999999999967
551.1999999999999
492.1999999999995
-120.70000000000009
-117.89999999999998
-93.70000000000006
498.7999999999995
-108.30000000000038
560.5999999999999
-123.30000000000038
571.2999999999998
-120.4000000000003
508.89999999999935
539.0999999999998
576.4999999999999
-101.60000000000076
-98.50000000000064
528.4999999999997
-117.00000000000027
452.7000000000008
572.3999999999999
531.8999999999999
551.1999999999999
-135.2
-140.69999999999925
-103.70000000000076
501.9999999999997
-81.80000000000038
565.2999999999998
570.3999999999997
-132.40000000000003
536.1
500.29999999999967
557.5
-97.90000000000006
-109.50000000000011
-111.00000000000006
-104.00000000000048
501.9999999999996
-144.89999999999978
-114.4000000000002
-97.10000000000046
539.8999999999999
-100.70000000000017
591.2000000000003
546.1999999999999
576.3999999999999
-119.90000000000038
560.5999999999998
553.5
-89.50000000000007
532.4
535.2999999999998
493.09999999999934
541.3999999999999
540.3
587.0999999999998
-137.00000000000006
541.8999999999999
-92.50000000000018
542.5999999999996
572.4999999999999
-155.3999999999996
511.39999999999975
-74.59999999999994
-163.2999999999996
-76.60000000000014
566.2999999999998
-140.79999999999987
500.69999999999965
562.8999999999996
564.7999999999998
529.0000000000001
-112.99999999999973
560.8999999999999
524.6999999999998
-108.40000000000013
569.9999999999998
-114.1000000000002
-99.40000000000043
568.0999999999998
-185.09999999999883
525.1999999999998
-82.60000000000038
555.0999999999998
-127.59999999999947
-129.69999999999987
-118.30000000000042
-137.99999999999963
567.8999999999999
-93.60000000000007
-157.89999999999984
-98.90000000000029
-110.50000000000045
495.19999999999965
520.4
-95.30000000000024
-145.99999999999926
-113.59999999999997
579.8999999999999
-148.0999999999999
-130.79999999999944
-89.0000000000004
-125.0000000000003
-71.20000000000006
561.4999999999998
576.6999999999998
537.9
572.4000000000001
-90.50000000000009
553.8999999999997
507.3999999999998
-118.30000000000024
-84.50000000000023
-160.19999999999848
509.7999999999996
-90.00000000000057
-151.79999999999967
-138.69999999999848
-68.79999999999994
-143.69999999999987
-141.3999999999989
556.3999999999997
-92.10000000000005
541.9
460.1
565.1999999999998
565.0999999999997
526.4
484.79999999999944
-98.80000000000024
529.9999999999998
-126.09999999999978
-107.20000000000059
-92.90000000000005
-155.2999999999985
522.4999999999998
-110.6000000000004
-78.8000000000002
436.8000000000039
594.2000000000002
-103.00000000000031
543.4999999999999
-167.6999999999993
532.6999999999999
532.4999999999997
493.0999999999999
-133.00000000000023
569.2999999999998
-141.19999999999987
-95.90000000000013
525.1999999999998
555.0999999999998
590.7
564.6999999999998
-112.00000000000061
543.4999999999999
560.3999999999999
540.1999999999997
491.89999999999947
501.09999999999934
556.2999999999996
503.79999999999967
480.49999999999915
583.8999999999997
492.39999999999975
-138.30000000000032
-142.49999999999991
578.5999999999997
-128.40000000000043
-119.00000000000024
-61.40000000000004
576.3
591.9000000000001
-139.10000000000008
-160.49999999999932
-197.99999999999528
-162.9999999999999
587.1
-106.00000000000088
-91.30000000000027
-84.70000000000047
565.0999999999999
-89.20000000000033
576.5999999999999
-74.50000000000006
-125.40000000000022
-125.40000000000028
-137.39999999999947
-115.80000000000064
485.89999999999975
576.0999999999999
-83.39999999999995
507.8
-118.50000000000023
-77.80000000000013
493.3999999999997
-123.69999999999999
-156.2999999999997
565.6999999999998
-151.29999999999978
-66.80000000000014
-75.00000000000018
-85.6000000000002
-67.70000000000032
-166.69999999999948
519.0999999999998
533.6999999999998
-54.70000000000004
-82.00000000000006
526.7999999999996
-114.30000000000062
-96.80000000000034
-157.9999999999996
512.0999999999996
554.2999999999997
-112.70000000000024
-118.49999999999994
-133.69999999999948
506.8999999999994
-131.20000000000022
592.1000000000001
530.5999999999999
522.3
-80.60000000000034
549.9999999999999
-86.40000000000008
540.5999999999997
-134.49999999999972
-125.5000000000002
572.6999999999999
-192.79999999999902
-96.00000000000043
488.5999999999992
563.3999999999999
557.1999999999998
-104.00000000000051
538.6999999999998
524.4
557.9
-115.50000000000067
-122.40000000000082
487.89999999999935
581.8999999999996
538.2999999999998
535.3
-130.09999999999965
569.4999999999998
-166.7999999999999
-153.49999999999872
508.9999999999998
507.3999999999997
-139.29999999999978
-129.00000000000023
514.3999999999999
553.8999999999997
-85.8000000000002
576.0999999999999
-103.90000000000049
-111.80000000000017
-109.50000000000068
519.6
-147.09999999999957
-123.09999999999988
479.89999999999947
565.2999999999998
-145.5999999999987
536.1999999999996
-100.50000000000013
-142.80000000000007
-69.19999999999995
504.1999999999997
-114.4000000000004
528.9999999999999
-144.79999999999862
-171.59999999999815
522.3
-83.7000000000001
-160.29999999999956
564.4999999999999
-168.29999999999794
-75.19999999999986
532.8999999999999
-69.30000000000015
565.5999999999999
-106.10000000000045
543.3999999999997
-127.30000000000047
-109.40000000000032
-121.00000000000017
525.6999999999996
-99.00000000000023
-137.59999999999985
492.3999999999996
551.1999999999999
509.80000000000035
-120.40000000000008
505.4999999999995
566.0999999999997
-144.49999999999972
528.6
527.5999999999998
-106.80000000000038
-159.29999999999657
490.7999999999999
525.2999999999998
550.2999999999998
531.3000000000001
485.59999999999917
455.79999999999967
-98.90000000000043
-71.60000000000008
566.5999999999998
576.4999999999999
535.0999999999998
538.9999999999998
527.9
524.7
-66.40000000000003
-110.10000000000016
592.0000000000001
-125.30000000000015
495.59999999999957
-81.40000000000012
-142.89999999999907
585.3999999999997
565.1999999999998
496.29999999999967
-83.29999999999997
551.1999999999999
563.3999999999999
573.1999999999998
-99.00000000000068
513.2000000000002
-122.10000000000024
490.29999999999933
-103.30000000000007
-119.69999999999989
-149.79999999999978
-118.30000000000055
572.4999999999999
-85.30000000000025
-113.30000000000017
543.2999999999998
482.39999999999924
-124.90000000000026
-139.19999999999987
541.5999999999997
-152.09999999999727
-129.10000000000042
-132.39999999999975
-125.0000000000002
498.09999999999945
539.5999999999998
-77.20000000000019
-147.89999999999884
-205.89999999999756
500.6999999999997
-62.30000000000011
-81.90000000000032
-137.69999999999996
-128.79999999999973
-114.90000000000008
528.3
520.2999999999998
591.9000000000001
-181.69999999999897
-150.6999999999997
556.9
456.39999999999947
-85.60000000000022
-72.6000000000002
-103.7000000000002
-194.79999999999592
-149.4000000000002
-138.19999999999982
-76.60000000000018
494.5999999999995
-84.10000000000008
-86.80000000000035
527.4
-150.79999999999959
540.8
527.6999999999999
-90.60000000000014
560.8999999999996
-142.49999999999955
-91.20000000000022
553.3999999999997
550.3999999999997
-91.70000000000033
-112.30000000000018
-86.30000000000052
-149.70000000000002
-113.90000000000056
-140.19999999999973
549.4999999999999
562.3
-156.00000000000023
-137.49999999999955
-114.00000000000023
-127.70000000000033
535.2999999999998
482.29999999999933
591.1000000000004
-113.30000000000044
511.5000000000001
-76.30000000000027
-107.70000000000067
448.3000000000019
-81.50000000000009
-79.5000000000003
473.4000000000007
522.7999999999997
-130.20000000000033
511.0999999999999
506.99999999999983
-106.10000000000008
-68.1000000000001
-145.49999999999778
569.6999999999998
-97.50000000000023
503.5999999999998
-77.10000000000036
535.7
-92.3000000000004
-88.10000000000032
503.6999999999999
-136.2999999999996
526.0999999999999
511.3999999999998
-86.10000000000025
-145.29999999999976
-169.69999999999877
517.4999999999999
-111.90000000000043
-92.60000000000034
-61.400000000000134
-131.19999999999965
-135.20000000000016
-181.7999999999986
-136.10000000000008
525.4999999999998
-72.30000000000015
-134.29999999999973
-129.1
-133.50000000000014
554.1
557.6999999999999
529.0
-89.60000000000008
525.1999999999997
499.9999999999999
-125.2000000000001
-103.50000000000034
-142.59999999999988
-79.09999999999997
536.1999999999997
-122.80000000000041
-109.20000000000026
-101.80000000000021
486.19999999999936
-181.29999999999666
-122.59999999999913
568.9999999999998
-87.60000000000032
517.3999999999996
-75.10000000000001
-75.19999999999993
-106.00000000000037
-114.80000000000027
576.5999999999999
543.5999999999998
-87.60000000000018
460.19999999999965
-98.50000000000011
-136.60000000000022
-134.89999999999998
558.3999999999997
557.8999999999997
493.5999999999999
543.4999999999997
-144.6999999999996
-113.40000000000029
-112.90000000000018
583.7999999999998
500.3999999999998
-154.2
-132.9000000000002
-138.89999999999975
515.6999999999999
535.5999999999999
484.3999999999995
582.4999999999998
-136.00000000000006
-91.50000000000003
567.5999999999998
-136.00000000000028
511.30000000000007
-94.2000000000001
440.6
528.0999999999999
535.1999999999999
499.4999999999994
-152.70000000000005
557.9999999999999
513.2000000000002
557.4999999999999
-132.39999999999964
-132.70000000000027
-116.50000000000033
480.4999999999992
507.8999999999998
-124.80000000000032
-114.00000000000018
536.1999999999998
-135.49999999999963
512.7999999999997
540.4999999999999
481.2999999999995
-144.19999999999982
565.0999999999999
533.3999999999997
529.4
545.9999999999999
500.59999999999985
484.69999999999936
-167.19999999999834
532.4999999999998
-129.9999999999999
-160.69999999999948
-61.700000000000074
571.4999999999997
494.7999999999993
-81.50000000000017
-78.4000000000002
-94.50000000000026
540.4
556.6999999999998
-69.6000000000002
505.9
570.2999999999997
520.4
-77.80000000000013
-92.00000000000044
-124.99999999999997
-114.90000000000012
-125.6999999999999
-117.10000000000008
-175.69999999999774
-120.20000000000081
-137.79999999999973
-73.10000000000014
500.1999999999996
538.3
-186.2999999999979
515.3
-175.99999999999795
-134.39999999999998
-68.30000000000001
-94.59999999999985
575.8999999999999
-86.10000000000024
-115.40000000000074
-151.89999999999554
551.0999999999999
-168.99999999999886
-92.70000000000017
-162.7999999999986
-72.60000000000002
-100.50000000000016
-150.3999999999996
526.2
581.1999999999998
536.5
534.9999999999999
-100.30000000000035
-101.49999999999997
576.4999999999999
-120.50000000000048
-65.80000000000005
-163.7999999999986
-73.5000000000002
-89.80000000000008
-91.90000000000049
531.0999999999998
557.5999999999999
-81.89999999999998
-121.30000000000032
-134.59999999999948
-108.60000000000029
549.5999999999998
506.2999999999996
561.9999999999999
511.5000000000001
534.0000000000001
550.5
-113.4000000000002
512.3999999999996
-122.00000000000057
-93.49999999999997
-114.5000000000002
-126.00000000000043
-86.40000000000013
-135.3000000000001
517.2999999999998
526.3
481.09999999999957
-159.09999999999965
555.0999999999998
500.7999999999997
-110.60000000000085
-111.00000000000034
579.6999999999998
534.8999999999999
520.5000000000001
576.6999999999998
550.8
563.9999999999999
-68.00000000000011
564.3999999999997
-191.79999999999762
-166.29999999999924
-186.4999999999977
-73.20000000000014
-112.60000000000029
542.8
524.7999999999998
-77.8
-167.19999999999922
-96.00000000000017
567.7999999999998
542.3
465.8999999999996
-195.19999999999746
557.0999999999998
-103.80000000000038

